['Ivliev_V', array([-0.10697926,  0.04164648, -0.06456121, -0.06000588, -0.08486389,
       -0.06001616, -0.06318214, -0.10568775,  0.14854859, -0.00441088,
        0.24628481, -0.03706985, -0.27066833, -0.08033872,  0.02088955,
        0.08676235, -0.12577489, -0.06448774, -0.01332675, -0.03830075,
        0.11461405,  0.0569034 ,  0.05848994,  0.12373819, -0.08971408,
       -0.34217867, -0.15779382, -0.1233675 ,  0.02739295, -0.12974012,
       -0.02908411,  0.11890402, -0.11849403, -0.11049951,  0.11772612,
        0.04475946, -0.03170058, -0.04500275,  0.22181688,  0.08061055,
       -0.07956089, -0.05331914,  0.05017541,  0.26911244,  0.16053864,
        0.05135288,  0.0031315 , -0.04457218,  0.07115215, -0.29395008,
        0.09889281,  0.13625287,  0.13597393,  0.04876456,  0.09919659,
       -0.19292171,  0.01457318,  0.16424419, -0.29791081,  0.13675211,
        0.02229954, -0.12228496, -0.10681348, -0.02025356,  0.23165409,
        0.18644184, -0.14433755, -0.12417424,  0.15982415, -0.1115827 ,
       -0.06312063,  0.07982114, -0.13094214, -0.23904829, -0.21515384,
        0.05999832,  0.32733935,  0.14629728, -0.26604882,  0.01066939,
       -0.0497877 , -0.03092951,  0.03411745,  0.00924222, -0.07390944,
       -0.05229342, -0.10871925, -0.02762692,  0.11323574,  0.01828179,
       -0.03379295,  0.32686877, -0.01347562,  0.10098692,  0.13647452,
        0.07103631, -0.07871035, -0.11709332, -0.17355786, -0.08404106,
        0.02873611, -0.12767777, -0.02660291,  0.10310581, -0.16900954,
        0.12982328, -0.01961333, -0.07370955, -0.07632198, -0.08062648,
       -0.11751628,  0.00098027,  0.14992163, -0.30042249,  0.20071681,
        0.13655156,  0.08633305,  0.18465793,  0.01355665,  0.01122568,
        0.0256605 , -0.10542326, -0.13262741, -0.06122966,  0.08931461,
       -0.01780384, -0.03426783, -0.02210727]), 0]

['Ivliev_E', array([-0.17522624,  0.08517382,  0.00422917, -0.0636812 , -0.19881728,
       -0.0449093 , -0.00980534, -0.14351784,  0.12059373,  0.01718986,
        0.26383033, -0.04261738, -0.26583976, -0.13377507, -0.00378123,
        0.13162389, -0.08805432, -0.16914922, -0.03512736, -0.08190869,
        0.03386829,  0.01396332,  0.04062292,  0.1178094 , -0.08247419,
       -0.3650845 , -0.00422604, -0.13868043,  0.0543291 , -0.14207791,
        0.02225601,  0.06894818, -0.19805692, -0.09397269,  0.04902193,
        0.14888103, -0.17045549, -0.08440833,  0.24049291, -0.04625562,
       -0.19633444, -0.02191824,  0.01997303,  0.20960447,  0.11637483,
       -0.02500279,  0.03574415, -0.12077285,  0.11289199, -0.22478338,
        0.07477223,  0.24145751,  0.06181238,  0.06405371,  0.04146328,
       -0.1498654 ,  0.01570827,  0.21691456, -0.26189828,  0.04866864,
        0.07660615, -0.04130815, -0.06870732, -0.12667005,  0.13774022,
        0.11846969, -0.1008568 , -0.11199448,  0.11468959, -0.12258795,
       -0.09699013,  0.10102749, -0.14923264, -0.29682678, -0.22491431,
        0.13074818,  0.30130002,  0.18300632, -0.1591163 , -0.03286708,
        0.01772759, -0.00507359,  0.05122683,  0.02920064, -0.05099616,
       -0.06273138, -0.08150947,  0.03129717,  0.08575941,  0.00484143,
       -0.00711268,  0.23787759,  0.00921696,  0.10304116,  0.03348931,
        0.08751214, -0.08377172,  0.04919782, -0.1523045 , -0.00891389,
        0.03760194, -0.05298238,  0.04853595,  0.05396144, -0.09718218,
        0.12871502, -0.00144174,  0.00955508, -0.07054588, -0.06601705,
       -0.07189695, -0.02548241,  0.13179334, -0.20338812,  0.33885294,
        0.18910117,  0.08662289,  0.15916742,  0.12620284, -0.03065018,
        0.03487774, -0.12742181, -0.17152983, -0.0146338 ,  0.12742548,
       -0.03241603,  0.00094348, -0.00299046]), 0]

['Daniil', array([-8.12908784e-02,  6.72344714e-02,  2.20208941e-03, -9.64610502e-02,
       -1.94218203e-01,  5.05384989e-04, -6.25313893e-02, -1.26005158e-01,
        1.66078135e-01, -1.90725937e-01,  2.55437911e-01,  7.02936994e-03,
       -1.89789593e-01,  7.91370682e-03, -2.56151892e-02,  1.26568452e-01,
       -7.55986795e-02, -1.24668702e-01, -1.15664259e-01, -1.17147788e-01,
       -5.80004938e-02,  3.98228317e-02, -4.47490141e-02,  1.48322191e-02,
       -5.24297506e-02, -2.65567243e-01, -8.67026895e-02, -4.51899767e-02,
        1.87259838e-01, -6.00754693e-02, -3.44942063e-02,  5.02156615e-02,
       -8.35420489e-02,  1.28389588e-02,  3.52412090e-02,  2.37834919e-02,
       -1.11493871e-01, -2.68262606e-02,  2.77010500e-01, -4.09483351e-03,
       -2.03472629e-01, -3.15269642e-02,  3.71340699e-02,  2.12009162e-01,
        1.84779346e-01, -3.07717733e-03,  7.68718272e-02, -1.15961291e-01,
        1.14443325e-01, -2.13996410e-01,  5.53813502e-02,  1.97794944e-01,
        9.62441564e-02,  8.11701417e-02,  2.62967553e-02, -1.83625862e-01,
       -2.88342573e-02,  1.80338740e-01, -1.89375624e-01,  5.73762618e-02,
        1.05794027e-01, -3.82226892e-03, -1.29622459e-01, -4.29419279e-02,
        1.99927419e-01,  1.78594425e-01, -1.16974726e-01, -2.54920661e-01,
        2.19747737e-01, -2.40660116e-01, -8.46457183e-02,  1.07297882e-01,
       -1.40319332e-01, -1.64711744e-01, -1.96769878e-01,  1.82676464e-02,
        3.67567539e-01,  1.88058779e-01, -5.55470362e-02,  1.36410417e-02,
       -1.27078835e-02, -8.53679106e-02,  5.88080995e-02,  1.46099683e-02,
       -1.35327205e-01, -9.26020667e-02, -4.35682014e-04,  2.33829599e-02,
        2.01921776e-01, -2.80767679e-04,  8.66780803e-03,  1.73385352e-01,
        5.58379330e-02,  5.39713241e-02, -3.73014323e-02,  8.78175572e-02,
       -6.83577955e-02, -1.62376072e-02, -8.05377439e-02, -1.24065094e-02,
        1.83279868e-02, -7.24978894e-02,  8.73039067e-02,  1.43190384e-01,
       -1.80151910e-01,  2.87366480e-01, -6.22284077e-02,  5.40022030e-02,
       -1.06236720e-02,  3.95879298e-02, -1.65684987e-02,  2.03407556e-03,
        1.93697348e-01, -1.62013575e-01,  1.99725151e-01,  1.67864248e-01,
        1.03789970e-01,  8.15241486e-02,  1.17625825e-01,  2.51983851e-02,
        4.31210846e-02, -4.50459868e-02, -2.32314810e-01, -6.93393722e-02,
       -4.67448421e-02, -1.38025969e-01,  7.22786784e-03,  6.14446700e-02]), 0]

['Vlad', array([-1.17281906e-01,  8.42375010e-02, -1.95159353e-02, -2.58376058e-02,
       -1.37268126e-01,  1.03601880e-01, -9.82075930e-04, -3.11856586e-02,
        2.29327574e-01, -1.58912331e-01,  1.66726843e-01,  4.45995890e-02,
       -1.94932669e-01, -7.35197812e-02, -4.85754199e-02,  8.39176252e-02,
       -7.33852312e-02, -1.09451704e-01, -6.97854087e-02, -1.04087159e-01,
        4.15857881e-02,  2.63683107e-02,  1.12527031e-02,  5.76530509e-02,
       -2.06631303e-01, -2.80990988e-01, -5.11717498e-02, -1.37917295e-01,
        1.43964272e-02, -2.02600956e-01, -3.73099484e-02,  1.65183153e-02,
       -1.75012127e-01, -4.74160947e-02,  3.08393501e-03,  7.44902939e-02,
       -2.13432182e-02, -1.17384009e-02,  2.40194410e-01,  4.07654159e-02,
       -1.48836777e-01,  4.95955423e-02, -3.28851230e-02,  3.22234064e-01,
        1.37649179e-01, -1.60199143e-02, -4.80713323e-03, -1.21424630e-01,
        2.25686938e-01, -2.08493352e-01,  1.32144541e-01,  1.40096933e-01,
        9.88508016e-02,  2.39367727e-02,  4.29935344e-02, -1.04409575e-01,
       -1.04901250e-02,  1.95741653e-01, -2.16201827e-01,  9.49525312e-02,
        2.84330323e-02, -5.77349588e-02, -3.75019312e-02, -3.45773175e-02,
        1.57857403e-01,  8.92968476e-02, -8.64504576e-02, -1.54240668e-01,
        1.49174958e-01, -1.55539930e-01,  3.30568776e-02,  8.63662586e-02,
       -1.01926185e-01, -2.42153093e-01, -2.08125129e-01,  1.48447677e-01,
        4.48137730e-01,  2.38071859e-01, -1.31962106e-01,  2.88113859e-02,
       -1.21741906e-01, -8.69392157e-02,  5.70408590e-02,  9.75335017e-02,
       -6.96757138e-02, -2.79194657e-02,  8.98412336e-03,  1.19599812e-01,
        2.08307952e-01,  1.78551227e-02, -3.71299647e-02,  2.31129020e-01,
        4.55637947e-02, -5.57101332e-04, -2.11524777e-04, -4.03760225e-02,
       -1.51955605e-01,  1.65138189e-02, -9.30136964e-02, -1.01740668e-02,
       -3.53149548e-02, -1.11244172e-01,  5.51363155e-02,  9.02569816e-02,
       -2.47464359e-01,  1.76155806e-01, -2.12049410e-02, -7.63265565e-02,
       -1.36035979e-02,  3.56731424e-03, -1.34093359e-01, -2.41589900e-02,
        1.60055861e-01, -2.95653641e-01,  1.86728597e-01,  1.36383563e-01,
        1.27932981e-01,  2.08717868e-01,  9.73381624e-02,  3.85089368e-02,
        9.65745375e-02, -1.92272738e-02, -1.44182146e-01, -1.44783445e-02,
        1.16965689e-01, -4.17406969e-02,  9.24139172e-02, -6.01042807e-03]), 0]

['mecxi', array([-0.09584957,  0.02490558, -0.09446829, -0.08577339, -0.03541552,
       -0.05508398,  0.04759715, -0.1082956 ,  0.14728181, -0.05759554,
        0.11247636, -0.0665486 , -0.2135053 , -0.02324025, -0.01195161,
        0.06802   , -0.14784408, -0.12033246, -0.16070443, -0.19063897,
       -0.04962337,  0.02717585,  0.00960249, -0.03751344, -0.13389146,
       -0.29267922, -0.0896646 , -0.11070326,  0.1142654 , -0.02362775,
        0.08183847,  0.03414055, -0.21388242, -0.04354646,  0.05499551,
        0.01419466, -0.06119541, -0.07282838,  0.1901298 ,  0.07622003,
       -0.12499943,  0.05840474,  0.06651464,  0.30678618,  0.19362238,
        0.05466832,  0.02209246, -0.10253266,  0.08741413, -0.20357569,
        0.15013318,  0.13881743,  0.08843336,  0.0327993 ,  0.13937673,
       -0.09223729,  0.03298657,  0.06367438, -0.12817997,  0.04949148,
        0.14220127,  0.08053964, -0.07567997, -0.06678896,  0.11142983,
        0.05580349, -0.06092783, -0.13283126,  0.15048692, -0.22076392,
       -0.04862273,  0.0172344 , -0.07925104, -0.148296  , -0.27576631,
        0.1191138 ,  0.35058755,  0.18760115, -0.07076275,  0.02419425,
       -0.0236152 , -0.02044284,  0.1202637 ,  0.02075042, -0.14748129,
       -0.1049669 , -0.01897208,  0.01361539,  0.22037946, -0.01209404,
       -0.09053297,  0.12926158, -0.0174832 , -0.12199081, -0.02550643,
        0.00348298, -0.14447905, -0.00500804, -0.05908269, -0.04896174,
        0.1389491 , -0.10074998, -0.00268841,  0.18941349, -0.24341007,
        0.15350349, -0.05108665, -0.09677032,  0.04595458,  0.04875597,
       -0.05378226, -0.03981564,  0.10390507, -0.19254783,  0.1762608 ,
        0.22721726,  0.02924004,  0.08448647,  0.04911266,  0.03763327,
        0.02854805,  0.12749362, -0.17197019, -0.14809991, -0.03721122,
        0.0640092 , -0.03656778,  0.03389372]), 0]

